2.13504e+06
2.13504e+06
2.13504e+06
2.13504e+06
2.13504e+06
2.13504e+06
2.13504e+06
2.13504e+06
96.8632
96.8632
96.8632
96.8632
96.8632
96.8632
96.8632
96.8632
96.8632
96.8632
96.8632
96.8632
96.8632
96.8632
96.8632
96.8632
96.8632
96.8632
96.8632
96.8632
96.7301
96.7301
96.7301
96.7301
96.7301
96.7301
96.7301
96.7301
96.7301
96.7301
96.7301
96.7301
96.7301
96.7301
96.7301
96.7301
96.7301
96.7301
96.7301
96.7301
96.4387
96.4387
96.4387
96.4387
96.4387
96.4387
96.4387
96.4387
96.4387
96.4387
96.4387
96.4387
96.4387
96.4387
96.4387
96.4387
96.4387
96.4387
96.4387
96.4387
96.0318
96.0318
96.0318
96.0318
96.0318
96.0318
96.0318
96.0318
96.0318
96.0318
96.0318
96.0318
96.0318
96.0318
96.0318
96.0318
96.0318
96.0318
96.0318
96.0318
95.48
95.48
95.48
95.48
95.48
95.48
95.48
95.48
95.48
95.48
95.48
95.48
95.48
95.48
95.48
95.48
95.48
95.48
95.48
95.48
94.7926
94.7926
94.7926
94.7926
94.7926
94.7926
94.7926
94.7926
94.7926
94.7926
94.7926
94.7926
94.7926
94.7926
94.7926
94.7926
94.7926
94.7926
94.7926
94.7926
93.849
93.849
93.849
93.849
93.849
93.849
93.849
93.849
93.849
93.849
93.849
93.849
93.849
93.849
93.849
93.849
93.849
93.849
93.849
93.849
92.8407
92.8407
92.8407
92.8407
92.8407
92.8407
92.8407
92.8407
92.8407
92.8407
92.8407
92.8407
92.8407
92.8407
92.8407
92.8407
92.8407
92.8407
92.8407
92.8407
91.585
91.585
91.585
91.585
91.585
91.585
91.585
91.585
91.585
91.585
91.585
91.585
91.585
91.585
91.585
91.585
91.585
91.585
91.585
91.585
90.1705
90.1705
90.1705
90.1705
90.1705
90.1705
90.1705
90.1705
90.1705
90.1705
90.1705
90.1705
90.1705
90.1705
90.1705
90.1705
90.1705
90.1705
90.1705
90.1705
88.6395
88.6395
88.6395
88.6395
88.6395
88.6395
88.6395
88.6395
88.6395
88.6395
88.6395
88.6395
88.6395
88.6395
88.6395
88.6395
88.6395
88.6395
88.6395
88.6395
87.0718
87.0718
87.0718
87.0718
87.0718
87.0718
87.0718
87.0718
87.0718
87.0718
87.0718
87.0718
87.0718
87.0718
87.0718
87.0718
87.0718
87.0718
87.0718
87.0718
85.2872
85.2872
85.2872
85.2872
85.2872
85.2872
85.2872
85.2872
85.2872
85.2872
85.2872
85.2872
85.2872
85.2872
85.2872
85.2872
85.2872
85.2872
85.2872
85.2872
83.3685
83.3685
83.3685
83.3685
83.3685
83.3685
83.3685
83.3685
83.3685
83.3685
83.3685
83.3685
83.3685
83.3685
83.3685
83.3685
83.3685
83.3685
83.3685
83.3685
81.4884
81.4884
81.4884
81.4884
81.4884
81.4884
81.4884
81.4884
81.4884
81.4884
81.4884
81.4884
81.4884
81.4884
81.4884
81.4884
81.4884
81.4884
81.4884
81.4884
79.6064
79.6064
79.6064
79.6064
79.6064
79.6064
79.6064
79.6064
79.6064
79.6064
79.6064
79.6064
79.6064
79.6064
79.6064
79.6064
79.6064
79.6064
79.6064
79.6064
77.7377
77.7377
77.7377
77.7377
77.7377
77.7377
77.7377
77.7377
77.7377
77.7377
77.7377
77.7377
77.7377
77.7377
77.7377
77.7377
77.7377
77.7377
77.7377
77.7377
75.7059
75.7059
75.7059
75.7059
75.7059
75.7059
75.7059
75.7059
75.7059
75.7059
75.7059
75.7059
75.7059
75.7059
75.7059
75.7059
75.7059
75.7059
75.7059
75.7059
73.7099
73.7099
73.7099
73.7099
73.7099
73.7099
73.7099
73.7099
73.7099
73.7099
73.7099
73.7099
73.7099
73.7099
73.7099
73.7099
73.7099
73.7099
73.7099
73.7099
70.4691
70.4691
70.4691
70.4691
70.4691
70.4691
70.4691
70.4691
70.4691
70.4691
70.4691
70.4691
70.4691
70.4691
70.4691
70.4691
70.4691
70.4691
70.4691
70.4691
68.769
68.769
68.769
68.769
68.769
68.769
68.769
68.769
68.769
68.769
68.769
68.769
68.769
68.769
68.769
68.769
68.769
68.769
68.769
68.769
67.0241
67.0241
67.0241
67.0241
67.0241
67.0241
67.0241
67.0241
67.0241
67.0241
67.0241
67.0241
67.0241
67.0241
67.0241
67.0241
67.0241
67.0241
67.0241
67.0241
65.1747
65.1747
65.1747
65.1747
65.1747
65.1747
65.1747
65.1747
65.1747
65.1747
65.1747
65.1747
65.1747
65.1747
65.1747
65.1747
65.1747
65.1747
65.1747
65.1747
63.4864
63.4864
63.4864
63.4864
63.4864
63.4864
63.4864
63.4864
63.4864
63.4864
63.4864
63.4864
63.4864
63.4864
63.4864
63.4864
63.4864
63.4864
63.4864
63.4864
61.8803
61.8803
61.8803
61.8803
61.8803
61.8803
61.8803
61.8803
61.8803
61.8803
61.8803
61.8803
61.8803
61.8803
61.8803
61.8803
61.8803
61.8803
61.8803
61.8803
60.2105
60.2105
60.2105
60.2105
60.2105
60.2105
60.2105
60.2105
60.2105
60.2105
60.2105
60.2105
60.2105
60.2105
60.2105
60.2105
60.2105
60.2105
60.2105
60.2105
58.598
58.598
58.598
58.598
58.598
58.598
58.598
58.598
58.598
58.598
58.598
58.598
58.598
58.598
58.598
58.598
58.598
58.598
58.598
58.598
57.0606
57.0606
57.0606
57.0606
57.0606
57.0606
57.0606
57.0606
57.0606
57.0606
57.0606
57.0606
57.0606
57.0606
57.0606
57.0606
57.0606
57.0606
57.0606
57.0606
55.208
55.208
55.208
55.208
55.208
55.208
55.208
55.208
55.208
55.208
55.208
55.208
55.208
55.208
55.208
55.208
55.208
55.208
55.208
55.208
53.3185
53.3185
53.3185
53.3185
53.3185
53.3185
53.3185
53.3185
53.3185
53.3185
53.3185
53.3185
53.3185
53.3185
53.3185
53.3185
53.3185
53.3185
53.3185
53.3185
51.5683
51.5683
51.5683
51.5683
51.5683
51.5683
51.5683
51.5683
51.5683
51.5683
51.5683
51.5683
51.5683
51.5683
51.5683
51.5683
51.5683
51.5683
51.5683
51.5683
49.9403
49.9403
49.9403
49.9403
49.9403
49.9403
49.9403
49.9403
49.9403
49.9403
49.9403
49.9403
49.9403
49.9403
49.9403
49.9403
49.9403
49.9403
49.9403
49.9403
48.4157
48.4157
48.4157
48.4157
48.4157
48.4157
48.4157
48.4157
48.4157
48.4157
48.4157
48.4157
48.4157
48.4157
48.4157
48.4157
48.4157
48.4157
48.4157
48.4157
46.9395
46.9395
46.9395
46.9395
46.9395
46.9395
46.9395
46.9395
46.9395
46.9395
46.9395
46.9395
46.9395
46.9395
46.9395
46.9395
46.9395
46.9395
46.9395
46.9395
45.5697
45.5697
45.5697
45.5697
45.5697
45.5697
45.5697
45.5697
45.5697
45.5697
45.5697
45.5697
45.5697
45.5697
45.5697
45.5697
45.5697
45.5697
45.5697
45.5697
44.3127
44.3127
44.3127
44.3127
44.3127
44.3127
44.3127
44.3127
44.3127
44.3127
44.3127
44.3127
44.3127
44.3127
44.3127
44.3127
44.3127
44.3127
44.3127
44.3127
42.7907
42.7907
42.7907
42.7907
42.7907
42.7907
42.7907
42.7907
42.7907
42.7907
42.7907
42.7907
42.7907
42.7907
42.7907
42.7907
42.7907
42.7907
42.7907
42.7907
41.029
41.029
41.029
41.029
41.029
41.029
41.029
41.029
41.029
41.029
41.029
41.029
41.029
41.029
41.029
41.029
41.029
41.029
41.029
41.029
39.1375
39.1375
39.1375
39.1375
39.1375
39.1375
39.1375
39.1375
39.1375
39.1375
39.1375
39.1375
39.1375
39.1375
39.1375
39.1375
39.1375
39.1375
39.1375
39.1375
37.0942
37.0942
37.0942
37.0942
37.0942
37.0942
37.0942
37.0942
37.0942
37.0942
37.0942
37.0942
37.0942
37.0942
37.0942
37.0942
37.0942
37.0942
37.0942
37.0942
34.9556
34.9556
34.9556
34.9556
34.9556
34.9556
34.9556
34.9556
34.9556
34.9556
34.9556
34.9556
34.9556
34.9556
34.9556
34.9556
34.9556
34.9556
34.9556
34.9556
32.692
32.692
32.692
32.692
32.692
32.692
32.692
32.692
32.692
32.692
32.692
32.692
32.692
32.692
32.692
32.692
32.692
32.692
32.692
32.692
30.4876
30.4876
30.4876
30.4876
30.4876
30.4876
30.4876
30.4876
30.4876
30.4876
30.4876
30.4876
30.4876
30.4876
30.4876
30.4876
30.4876
30.4876
30.4876
30.4876
28.3027
28.3027
28.3027
28.3027
28.3027
28.3027
28.3027
28.3027
28.3027
28.3027
28.3027
28.3027
28.3027
28.3027
28.3027
28.3027
28.3027
28.3027
28.3027
28.3027
26.0992
26.0992
26.0992
26.0992
26.0992
26.0992
26.0992
26.0992
26.0992
26.0992
26.0992
26.0992
26.0992
26.0992
26.0992
26.0992
26.0992
26.0992
26.0992
26.0992
23.9043
23.9043
23.9043
23.9043
23.9043
23.9043
23.9043
23.9043
23.9043
23.9043
23.9043
23.9043
23.9043
23.9043
23.9043
23.9043
23.9043
23.9043
23.9043
23.9043
21.7966
21.7966
21.7966
21.7966
21.7966
21.7966
21.7966
21.7966
21.7966
21.7966
21.7966
21.7966
21.7966
21.7966
21.7966
21.7966
21.7966
21.7966
21.7966
21.7966
19.823
19.823
19.823
19.823
19.823
19.823
19.823
19.823
19.823
19.823
19.823
19.823
19.823
19.823
19.823
19.823
19.823
19.823
19.823
19.823
17.6207
17.6207
17.6207
17.6207
17.6207
17.6207
17.6207
17.6207
17.6207
17.6207
17.6207
17.6207
17.6207
17.6207
17.6207
17.6207
17.6207
17.6207
17.6207
17.6207
15.512
15.512
15.512
15.512
15.512
15.512
15.512
15.512
15.512
15.512
15.512
15.512
15.512
15.512
15.512
15.512
15.512
15.512
15.512
15.512
13.4295
13.4295
13.4295
13.4295
13.4295
13.4295
13.4295
13.4295
13.4295
13.4295
13.4295
13.4295
13.4295
13.4295
13.4295
13.4295
13.4295
13.4295
13.4295
13.4295
11.3085
11.3085
11.3085
11.3085
11.3085
11.3085
11.3085
11.3085
11.3085
11.3085
11.3085
11.3085
11.3085
11.3085
11.3085
11.3085
11.3085
11.3085
11.3085
11.3085
9.13521
9.13521
9.13521
9.13521
9.13521
9.13521
9.13521
9.13521
9.13521
9.13521
9.13521
9.13521
9.13521
9.13521
9.13521
9.13521
9.13521
9.13521
9.13521
9.13521
7.27534
7.27534
7.27534
7.27534
7.27534
7.27534
7.27534
7.27534
7.27534
7.27534
7.27534
7.27534
7.27534
7.27534
7.27534
7.27534
7.27534
7.27534
7.27534
7.27534
5.64885
5.64885
5.64885
5.64885
5.64885
5.64885
5.64885
5.64885
5.64885
5.64885
5.64885
5.64885
5.64885
5.64885
5.64885
5.64885
5.64885
5.64885
5.64885
5.64885
5.00336
5.00336
5.00336
5.00336
5.00336
5.00336
5.00336
5.00336
5.00336
5.00336
5.00336
5.00336
5.00336
5.00336
5.00336
5.00336
5.00336
5.00336
5.00336
5.00336
5.66377
5.66377
5.66377
5.66377
5.66377
5.66377
5.66377
5.66377
5.66377
5.66377
5.66377
5.66377
5.66377
5.66377
5.66377
5.66377
5.66377
5.66377
5.66377
5.66377
7.29035
7.29035
7.29035
7.29035
7.29035
7.29035
7.29035
7.29035
7.29035
7.29035
7.29035
7.29035
7.29035
7.29035
7.29035
7.29035
7.29035
7.29035
7.29035
7.29035
9.27362
9.27362
9.27362
9.27362
9.27362
9.27362
9.27362
9.27362
9.27362
9.27362
9.27362
9.27362
9.27362
9.27362
9.27362
9.27362
9.27362
9.27362
9.27362
9.27362
11.7005
11.7005
11.7005
11.7005
11.7005
11.7005
11.7005
11.7005
11.7005
11.7005
11.7005
11.7005
11.7005
11.7005
11.7005
11.7005
11.7005
11.7005
11.7005
11.7005
14.3011
14.3011
14.3011
14.3011
14.3011
14.3011
14.3011
14.3011
14.3011
14.3011
14.3011
14.3011
14.3011
14.3011
14.3011
14.3011
14.3011
14.3011
14.3011
14.3011
16.8228
16.8228
16.8228
16.8228
16.8228
16.8228
16.8228
16.8228
16.8228
16.8228
16.8228
16.8228
16.8228
16.8228
16.8228
16.8228
16.8228
16.8228
16.8228
16.8228
19.3095
19.3095
19.3095
19.3095
19.3095
19.3095
19.3095
19.3095
19.3095
19.3095
19.3095
19.3095
19.3095
19.3095
19.3095
19.3095
19.3095
19.3095
19.3095
19.3095
21.6558
21.6558
21.6558
21.6558
21.6558
21.6558
21.6558
21.6558
21.6558
21.6558
21.6558
21.6558
21.6558
21.6558
21.6558
21.6558
21.6558
21.6558
21.6558
21.6558
23.972
23.972
23.972
23.972
23.972
23.972
23.972
23.972
23.972
23.972
23.972
23.972
23.972
23.972
23.972
23.972
23.972
23.972
23.972
23.972
26.1714
26.1714
26.1714
26.1714
26.1714
26.1714
26.1714
26.1714
26.1714
26.1714
26.1714
26.1714
26.1714
26.1714
26.1714
26.1714
26.1714
26.1714
26.1714
26.1714
28.3329
28.3329
28.3329
28.3329
28.3329
28.3329
28.3329
28.3329
28.3329
28.3329
28.3329
28.3329
28.3329
28.3329
28.3329
28.3329
28.3329
28.3329
28.3329
28.3329
30.4675
30.4675
30.4675
30.4675
30.4675
30.4675
30.4675
30.4675
30.4675
30.4675
30.4675
30.4675
30.4675
30.4675
30.4675
30.4675
30.4675
30.4675
30.4675
30.4675
32.2444
32.2444
32.2444
32.2444
32.2444
32.2444
32.2444
32.2444
32.2444
32.2444
32.2444
32.2444
32.2444
32.2444
32.2444
32.2444
32.2444
32.2444
32.2444
32.2444
32.2444
32.2444
32.2444
32.2444
32.2444
32.2444
32.2444
32.2444
32.2444
32.2444
32.2444
32.2444
32.2444
32.2444
32.2444
96.8842
96.8842
96.8842
96.8842
96.8842
96.8842
96.8842
96.8842
96.8842
96.8842
96.8842
96.8842
96.8842
96.8842
96.8842
96.8842
96.8842
96.8842
96.8842
96.8842
96.8632
96.8632
96.8632
96.8632
96.8632
96.8632
96.8632
96.8632
96.8632
96.8632
96.8632
96.8632
96.8632
96.8632
96.8632
96.8632
96.8632
96.8632
96.8632
96.8632
96.7301
96.7301
96.7301
96.7301
96.7301
96.7301
96.7301
96.7301
96.7301
96.7301
96.7301
96.7301
96.7301
96.7301
96.7301
96.7301
96.7301
96.7301
96.7301
96.7301
96.4387
96.4387
96.4387
96.4387
96.4387
96.4387
96.4387
96.4387
96.4387
96.4387
96.4387
96.4387
96.4387
96.4387
96.4387
96.4387
96.4387
96.4387
96.4387
96.4387
96.0318
96.0318
96.0318
96.0318
96.0318
96.0318
96.0318
96.0318
96.0318
96.0318
96.0318
96.0318
96.0318
96.0318
96.0318
96.0318
96.0318
96.0318
96.0318
96.0318
95.48
95.48
95.48
95.48
95.48
95.48
95.48
95.48
95.48
95.48
95.48
95.48
95.48
95.48
95.48
95.48
95.48
95.48
95.48
95.48
94.7926
94.7926
94.7926
94.7926
94.7926
94.7926
94.7926
94.7926
94.7926
94.7926
94.7926
94.7926
94.7926
94.7926
94.7926
94.7926
94.7926
94.7926
94.7926
94.7926
93.849
93.849
93.849
93.849
93.849
93.849
93.849
93.849
93.849
93.849
93.849
93.849
93.849
93.849
93.849
93.849
93.849
93.849
93.849
93.849
92.8407
92.8407
92.8407
92.8407
92.8407
92.8407
92.8407
92.8407
92.8407
92.8407
92.8407
92.8407
92.8407
92.8407
92.8407
92.8407
92.8407
92.8407
92.8407
92.8407
91.585
91.585
91.585
91.585
91.585
91.585
91.585
91.585
91.585
91.585
91.585
91.585
91.585
91.585
91.585
91.585
91.585
91.585
91.585
91.585
90.1705
90.1705
90.1705
90.1705
90.1705
90.1705
90.1705
90.1705
90.1705
90.1705
90.1705
90.1705
90.1705
90.1705
90.1705
90.1705
90.1705
90.1705
90.1705
90.1705
88.6395
88.6395
88.6395
88.6395
88.6395
88.6395
88.6395
88.6395
88.6395
88.6395
88.6395
88.6395
88.6395
88.6395
88.6395
88.6395
88.6395
88.6395
88.6395
87.0718
87.0718
87.0718
87.0718
87.0718
87.0718
87.0718
87.0718
87.0718
87.0718
87.0718
87.0718
87.0718
87.0718
87.0718
87.0718
87.0718
87.0718
87.0718
87.0718
85.2872
85.2872
85.2872
85.2872
85.2872
85.2872
85.2872
85.2872
85.2872
85.2872
85.2872
85.2872
85.2872
85.2872
85.2872
85.2872
85.2872
85.2872
85.2872
85.2872
83.3685
83.3685
83.3685
83.3685
83.3685
83.3685
83.3685
83.3685
83.3685
83.3685
83.3685
83.3685
83.3685
83.3685
83.3685
83.3685
83.3685
83.3685
83.3685
83.3685
81.4884
81.4884
81.4884
81.4884
81.4884
81.4884
81.4884
81.4884
81.4884
81.4884
81.4884
81.4884
81.4884
81.4884
81.4884
81.4884
81.4884
81.4884
81.4884
81.4884
79.6064
79.6064
79.6064
79.6064
79.6064
79.6064
79.6064
79.6064
79.6064
79.6064
79.6064
79.6064
79.6064
79.6064
79.6064
79.6064
79.6064
79.6064
79.6064
79.6064
77.7377
77.7377
77.7377
77.7377
77.7377
77.7377
77.7377
77.7377
77.7377
77.7377
77.7377
77.7377
77.7377
77.7377
77.7377
77.7377
77.7377
77.7377
77.7377
77.7377
75.7059
75.7059
75.7059
75.7059
75.7059
75.7059
75.7059
75.7059
75.7059
75.7059
75.7059
75.7059
75.7059
75.7059
75.7059
75.7059
75.7059
75.7059
75.7059
75.7059
73.7099
73.7099
73.7099
73.7099
73.7099
73.7099
73.7099
73.7099
73.7099
73.7099
73.7099
73.7099
73.7099
73.7099
73.7099
73.7099
73.7099
73.7099
73.7099
73.7099
70.4691
70.4691
70.4691
70.4691
70.4691
70.4691
70.4691
70.4691
70.4691
70.4691
70.4691
70.4691
70.4691
70.4691
70.4691
70.4691
70.4691
70.4691
70.4691
70.4691
68.769
68.769
68.769
68.769
68.769
68.769
68.769
68.769
68.769
68.769
68.769
68.769
68.769
68.769
68.769
68.769
68.769
68.769
68.769
68.769
67.0241
67.0241
67.0241
67.0241
67.0241
67.0241
67.0241
67.0241
67.0241
67.0241
67.0241
67.0241
67.0241
67.0241
67.0241
67.0241
67.0241
67.0241
67.0241
67.0241
65.1747
65.1747
65.1747
65.1747
65.1747
65.1747
65.1747
65.1747
65.1747
65.1747
65.1747
65.1747
65.1747
65.1747
65.1747
65.1747
65.1747
65.1747
65.1747
65.1747
63.4864
63.4864
63.4864
63.4864
63.4864
63.4864
63.4864
63.4864
63.4864
63.4864
63.4864
63.4864
63.4864
63.4864
63.4864
63.4864
63.4864
63.4864
63.4864
63.4864
61.8803
61.8803
61.8803
61.8803
61.8803
61.8803
61.8803
61.8803
61.8803
61.8803
61.8803
61.8803
61.8803
61.8803
61.8803
61.8803
61.8803
61.8803
61.8803
61.8803
60.2105
60.2105
60.2105
60.2105
60.2105
60.2105
60.2105
60.2105
60.2105
60.2105
60.2105
60.2105
60.2105
60.2105
60.2105
60.2105
60.2105
60.2105
60.2105
60.2105
58.598
58.598
58.598
58.598
58.598
58.598
58.598
58.598
58.598
58.598
58.598
58.598
58.598
58.598
58.598
58.598
58.598
58.598
58.598
58.598
57.0606
57.0606
57.0606
57.0606
57.0606
57.0606
57.0606
57.0606
57.0606
57.0606
57.0606
57.0606
57.0606
57.0606
57.0606
57.0606
57.0606
57.0606
57.0606
57.0606
55.208
55.208
55.208
55.208
55.208
55.208
55.208
55.208
55.208
55.208
55.208
55.208
55.208
55.208
55.208
55.208
55.208
55.208
55.208
55.208
53.3185
53.3185
53.3185
53.3185
53.3185
53.3185
53.3185
53.3185
53.3185
53.3185
53.3185
53.3185
53.3185
53.3185
53.3185
53.3185
53.3185
53.3185
53.3185
53.3185
51.5683
51.5683
51.5683
51.5683
51.5683
51.5683
51.5683
51.5683
51.5683
51.5683
51.5683
51.5683
51.5683
51.5683
51.5683
51.5683
51.5683
51.5683
51.5683
51.5683
49.9403
49.9403
49.9403
49.9403
49.9403
49.9403
49.9403
49.9403
49.9403
49.9403
49.9403
49.9403
49.9403
49.9403
49.9403
49.9403
49.9403
49.9403
49.9403
49.9403
48.4157
48.4157
48.4157
48.4157
48.4157
48.4157
48.4157
48.4157
48.4157
48.4157
48.4157
48.4157
48.4157
48.4157
48.4157
48.4157
48.4157
48.4157
48.4157
48.4157
46.9395
46.9395
46.9395
46.9395
46.9395
46.9395
46.9395
46.9395
46.9395
46.9395
46.9395
46.9395
46.9395
46.9395
46.9395
46.9395
46.9395
46.9395
46.9395
46.9395
45.5697
45.5697
45.5697
45.5697
45.5697
45.5697
45.5697
45.5697
45.5697
45.5697
45.5697
45.5697
45.5697
45.5697
45.5697
45.5697
45.5697
45.5697
45.5697
45.5697
44.3127
44.3127
44.3127
44.3127
44.3127
44.3127
44.3127
44.3127
44.3127
44.3127
44.3127
44.3127
44.3127
44.3127
44.3127
44.3127
44.3127
44.3127
44.3127
44.3127
42.7907
42.7907
42.7907
42.7907
42.7907
42.7907
42.7907
42.7907
42.7907
42.7907
42.7907
42.7907
42.7907
42.7907
42.7907
42.7907
42.7907
42.7907
42.7907
42.7907
41.029
41.029
41.029
41.029
41.029
41.029
41.029
41.029
41.029
41.029
41.029
41.029
41.029
41.029
41.029
41.029
41.029
41.029
41.029
41.029
39.1375
39.1375
39.1375
39.1375
39.1375
39.1375
39.1375
39.1375
39.1375
39.1375
39.1375
39.1375
39.1375
39.1375
39.1375
39.1375
39.1375
39.1375
39.1375
39.1375
37.0942
37.0942
37.0942
37.0942
37.0942
37.0942
37.0942
37.0942
37.0942
37.0942
37.0942
37.0942
37.0942
37.0942
37.0942
37.0942
37.0942
37.0942
37.0942
37.0942
34.9556
34.9556
34.9556
34.9556
34.9556
34.9556
34.9556
34.9556
34.9556
34.9556
34.9556
34.9556
34.9556
34.9556
34.9556
34.9556
34.9556
34.9556
34.9556
34.9556
32.692
32.692
32.692
32.692
32.692
32.692
32.692
32.692
32.692
32.692
32.692
32.692
32.692
32.692
32.692
32.692
32.692
32.692
32.692
32.692
30.4876
30.4876
30.4876
30.4876
30.4876
30.4876
30.4876
30.4876
30.4876
30.4876
30.4876
30.4876
30.4876
30.4876
30.4876
30.4876
30.4876
30.4876
30.4876
30.4876
28.3027
28.3027
28.3027
28.3027
28.3027
28.3027
28.3027
28.3027
28.3027
28.3027
28.3027
28.3027
28.3027
28.3027
28.3027
28.3027
28.3027
28.3027
28.3027
28.3027
26.0992
26.0992
26.0992
26.0992
26.0992
26.0992
26.0992
26.0992
26.0992
26.0992
26.0992
26.0992
26.0992
26.0992
26.0992
26.0992
26.0992
26.0992
26.0992
26.0992
23.9043
23.9043
23.9043
23.9043
23.9043
23.9043
23.9043
23.9043
23.9043
23.9043
23.9043
23.9043
23.9043
23.9043
23.9043
23.9043
23.9043
23.9043
23.9043
23.9043
21.7966
21.7966
21.7966
21.7966
21.7966
21.7966
21.7966
21.7966
21.7966
21.7966
21.7966
21.7966
21.7966
21.7966
21.7966
21.7966
21.7966
21.7966
21.7966
21.7966
19.823
19.823
19.823
19.823
19.823
19.823
19.823
19.823
19.823
19.823
19.823
19.823
19.823
19.823
19.823
19.823
19.823
19.823
19.823
19.823
17.6207
17.6207
17.6207
17.6207
17.6207
17.6207
17.6207
17.6207
17.6207
17.6207
17.6207
17.6207
17.6207
17.6207
17.6207
17.6207
17.6207
17.6207
17.6207
17.6207
15.512
15.512
15.512
15.512
15.512
15.512
15.512
15.512
15.512
15.512
15.512
15.512
15.512
15.512
15.512
15.512
15.512
15.512
15.512
15.512
13.4295
13.4295
13.4295
13.4295
13.4295
13.4295
13.4295
13.4295
13.4295
13.4295
13.4295
13.4295
13.4295
13.4295
13.4295
13.4295
13.4295
13.4295
13.4295
13.4295
11.3085
11.3085
11.3085
11.3085
11.3085
11.3085
11.3085
11.3085
11.3085
11.3085
11.3085
11.3085
11.3085
11.3085
11.3085
11.3085
11.3085
11.3085
11.3085
11.3085
9.13521
9.13521
9.13521
9.13521
9.13521
9.13521
9.13521
9.13521
9.13521
9.13521
9.13521
9.13521
9.13521
9.13521
9.13521
9.13521
9.13521
9.13521
9.13521
9.13521
7.27534
7.27534
7.27534
7.27534
7.27534
7.27534
7.27534
7.27534
7.27534
7.27534
7.27534
7.27534
7.27534
7.27534
7.27534
7.27534
7.27534
7.27534
7.27534
7.27534
5.64885
5.64885
5.64885
5.64885
5.64885
5.64885
5.64885
5.64885
5.64885
5.64885
5.64885
5.64885
5.64885
5.64885
5.64885
5.64885
5.64885
5.64885
5.64885
5.64885
5.00336
5.00336
5.00336
5.00336
5.00336
5.00336
5.00336
5.00336
5.00336
5.00336
5.00336
5.00336
5.00336
5.00336
5.00336
5.00336
5.00336
5.00336
5.00336
5.00336
5.66377
5.66377
5.66377
5.66377
5.66377
5.66377
5.66377
5.66377
5.66377
5.66377
5.66377
5.66377
5.66377
5.66377
5.66377
5.66377
5.66377
5.66377
5.66377
5.66377
7.29035
7.29035
7.29035
7.29035
7.29035
7.29035
7.29035
7.29035
7.29035
7.29035
7.29035
7.29035
7.29035
7.29035
7.29035
7.29035
7.29035
7.29035
7.29035
7.29035
9.27362
9.27362
9.27362
9.27362
9.27362
9.27362
9.27362
9.27362
9.27362
9.27362
9.27362
9.27362
9.27362
9.27362
9.27362
9.27362
9.27362
9.27362
9.27362
9.27362
11.7005
11.7005
11.7005
11.7005
11.7005
11.7005
11.7005
11.7005
11.7005
11.7005
11.7005
11.7005
11.7005
11.7005
11.7005
11.7005
11.7005
11.7005
11.7005
11.7005
14.3011
14.3011
14.3011
14.3011
14.3011
14.3011
14.3011
14.3011
14.3011
14.3011
14.3011
14.3011
14.3011
14.3011
14.3011
14.3011
14.3011
14.3011
14.3011
14.3011
16.8228
16.8228
16.8228
16.8228
16.8228
16.8228
16.8228
16.8228
16.8228
16.8228
16.8228
16.8228
16.8228
16.8228
16.8228
16.8228
16.8228
16.8228
16.8228
16.8228
19.3095
19.3095
19.3095
19.3095
19.3095
19.3095
19.3095
19.3095
19.3095
19.3095
19.3095
19.3095
19.3095
19.3095
19.3095
19.3095
19.3095
19.3095
19.3095
19.3095
21.6558
21.6558
21.6558
21.6558
21.6558
21.6558
21.6558
21.6558
21.6558
21.6558
21.6558
21.6558
21.6558
21.6558
21.6558
21.6558
21.6558
21.6558
21.6558
21.6558
23.972
23.972
23.972
23.972
23.972
23.972
23.972
23.972
23.972
23.972
23.972
23.972
23.972
23.972
23.972
23.972
23.972
23.972
23.972
23.972
26.1714
26.1714
26.1714
26.1714
26.1714
26.1714
26.1714
26.1714
26.1714
26.1714
26.1714
26.1714
26.1714
26.1714
26.1714
26.1714
26.1714
26.1714
26.1714
26.1714
28.3329
28.3329
28.3329
28.3329
28.3329
28.3329
28.3329
28.3329
28.3329
28.3329
28.3329
28.3329
28.3329
28.3329
28.3329
28.3329
28.3329
28.3329
28.3329
28.3329
30.4675
30.4675
30.4675
30.4675
30.4675
30.4675
30.4675
30.4675
30.4675
30.4675
30.4675
30.4675
30.4675
30.4675
30.4675
30.4675
30.4675
30.4675
30.4675
30.4675
32.2444
32.2444
32.2444
32.2444
32.2444
32.2444
32.2444
32.2444
32.2444
32.2444
32.2444
32.2444
32.2444
32.2444
32.2444
32.2444
32.2444
32.2444
32.2444
32.2444
32.2444
32.2444
32.2444
32.2444
32.2444
32.2444
